Multiple size <= 100
TEST 1 ARG:53 42 37 90 2 80 0 7 26 20 11 24 59 6 41 5 78 25 81 88 44 83 31 40 72 97 39 99 15 45 19 9 56 89 77 69 4 46 1 54 96 16 48 3 58 79 98 92 76 64 82 34 95 13 23 38 28 86 47 65 60 33 50 57 94 73 62 63 21 67 87 85 91 68 51 27 55 17 29 52 8 61 75 70 66 14 49 93 36 71 74 84 22 35 12 18 30 32 43 10
TEST 2 ARG:35 34 86 91 98 51 76 83 73 53 20 27 93 29 1 14 9 75 82 78 68 2 64 47 84 36 77 3 7 74 44 25 23 21 90 31 61 33 8 48 28 45 88 18 70 17 39 65 59 72 11 69 79 92 87 57 55 96 19 50 60 15 41 85 5 95 62 37 49 67 89 4 54 58 99 16 42 97 94 32 30 52 66 40 12 80 13 10 24 43 81 38 0 6 26 22 46 71 56 63
TEST 3 ARG:30 1 7 53 87 70 29 16 26 77 49 91 92 50 3 32 25 95 41 21 83 39 64 19 10 94 61 31 37 13 11 78 46 36 60 98 24 33 82 59 58 18 34 69 97 66 89 42 79 62 0 6 54 12 35 57 47 22 9 63 15 40 85 88 48 90 45 51 28 44 72 67 23 80 74 96 81 68 76 86 5 14 43 84 38 52 20 99 27 2 17 93 71 56 73 55 65 8 4 75
TEST 4 ARG:6 63 45 56 67 65 39 54 17 29 90 53 25 58 40 0 5 14 83 47 9 3 57 46 23 11 52 81 66 33 85 96 37 91 8 86 7 87 73 31 49 92 21 70 27 55 60 64 22 59 97 95 50 72 20 98 62 71 74 89 79 2 1 78 61 43 48 16 93 18 26 35 82 99 41 34 84 15 80 77 75 88 24 44 76 38 19 10 36 68 42 32 69 51 30 28 4 12 13 94
TEST 5 ARG:39 9 95 67 0 59 17 73 54 18 13 91 2 96 22 42 64 40 76 82 6 98 16 30 25 81 99 44 10 21 65 49 84 90 68 93 4 37 23 70 88 48 52 7 58 26 72 80 32 31 61 60 12 78 56 86 85 63 14 3 19 24 50 55 38 83 89 97 69 20 46 66 77 35 29 27 1 62 75 8 28 51 43 94 57 74 47 45 71 41 34 53 11 92 33 87 36 15 5 79
TEST 6 ARG:82 96 1 40 56 25 46 79 63 28 10 31 3 9 80 75 86 89 44 26 84 90 77 39 64 88 42 55 93 54 53 60 2 92 58 97 48 18 36 15 78 94 17 68 24 50 11 83 71 35 95 37 62 98 66 13 0 47 5 45 29 59 27 38 14 19 22 34 41 21 7 99 65 76 51 87 4 74 81 16 73 57 49 8 23 61 32 72 69 20 70 85 43 52 30 12 67 91 33 6
TEST 7 ARG:58 62 98 20 89 51 96 26 94 79 74 84 68 49 95 69 31 59 36 16 32 85 22 48 7 83 81 55 30 91 54 5 76 28 45 3 29 24 25 90 65 34 2 11 8 88 44 14 75 19 42 86 12 38 18 60 17 41 47 21 97 15 50 61 87 78 27 46 10 9 72 40 52 71 1 70 23 67 43 35 37 93 66 82 57 13 63 73 56 92 64 53 0 4 39 99 77 33 6 80
TEST 8 ARG:80 83 50 33 4 72 27 13 63 57 20 11 84 95 30 26 96 62 9 51 77 79 42 25 5 17 2 6 85 40 67 56 71 55 58 45 31 32 22 37 29 10 68 46 19 54 89 78 28 81 35 91 59 64 52 65 98 44 94 93 21 90 66 36 61 75 47 0 87 15 70 41 18 88 74 99 73 1 3 38 8 14 34 48 92 16 69 39 12 86 24 76 43 23 97 7 53 60 82 49
TEST 9 ARG:30 86 49 42 39 74 20 32 0 51 54 73 16 57 47 58 67 34 77 60 1 23 37 26 63 15 31 75 43 36 88 2 87 41 89 96 59 69 6 48 65 82 85 50 98 66 35 52 33 22 90 84 53 12 92 45 8 94 25 56 71 72 40 24 91 5 10 76 78 99 70 79 27 3 93 14 38 97 83 81 13 11 64 21 29 80 68 19 95 62 44 9 7 4 18 28 55 17 61 46
TEST 10 ARG:1 50 40 0 92 93 33 22 78 77 79 25 26 65 20 14 80 85 89 60 11 59 70 36 96 12 87 49 6 53 56 37 83 61 3 55 97 38 15 88 2 63 81 67 72 19 95 66 41 28 64 31 91 94 24 51 9 35 16 69 17 44 7 84 13 18 34 73 47 45 98 90 43 8 4 46 68 48 54 57 74 71 5 21 30 82 42 29 58 39 62 23 86 27 76 10 52 32 75 99
TEST 11 ARG:69 56 94 30 81 34 60 76 67 8 96 86 36 17 46 41 25 71 91 4 45 59 31 63 52 19 28 12 90 89 64 5 50 38 14 66 24 21 32 95 2 3 1 0 87 39 80 29 58 40 20 11 85 37 26 70 84 6 22 73 9 99 77 23 43 42 54 82 18 44 61 10 53 13 57 33 68 16 75 88 65 49 62 7 55 98 97 47 35 72 48 15 27 78 92 83 79 93 51 74
TEST 12 ARG:41 85 80 36 61 47 95 28 77 59 24 35 18 7 64 49 40 17 29 26 43 99 51 31 45 86 27 39 56 60 98 11 66 72 42 87 2 9 23 79 13 1 68 38 53 63 58 30 90 21 62 78 82 97 73 96 46 84 14 3 33 76 8 70 32 69 44 81 48 4 34 67 91 57 74 83 94 25 75 19 88 89 65 55 92 52 6 10 20 0 50 37 71 93 22 15 5 12 16 54
TEST 13 ARG:84 60 11 43 1 49 21 33 58 14 76 72 95 51 70 44 64 29 8 86 63 20 96 31 55 36 69 77 10 80 50 59 67 90 35 3 78 30 32 87 85 42 73 57 18 71 81 16 98 99 23 15 89 47 19 4 79 25 54 83 48 27 2 5 66 56 94 0 92 9 46 7 61 22 91 65 40 52 53 17 6 24 39 41 75 13 45 28 68 34 26 37 88 82 12 38 97 93 74 62
TEST 14 ARG:78 40 99 74 3 58 14 20 77 83 4 15 98 33 94 66 62 76 63 7 42 5 1 65 70 49 82 8 48 54 73 32 18 21 92 35 10 46 0 36 51 39 16 12 27 64 43 37 9 25 45 13 71 79 85 29 68 97 55 22 69 6 67 38 93 61 2 88 23 59 24 89 95 87 57 75 30 60 41 50 17 26 31 72 80 53 84 11 96 90 91 86 44 47 52 81 19 34 56 28
TEST 15 ARG:79 15 29 57 90 42 53 75 89 37 86 23 39 66 67 97 2 93 60 59 83 62 80 4 35 46 58 17 84 88 71 28 73 70 34 31 65 44 99 12 41 1 8 85 27 40 98 81 24 49 25 7 94 14 26 69 20 22 64 50 72 3 76 38 55 43 18 11 61 51 92 16 63 6 0 32 95 91 87 52 19 33 9 21 77 5 82 48 56 54 45 36 68 47 10 74 78 13 30 96
TEST 16 ARG:74 0 87 33 97 93 10 35 61 21 79 46 80 82 50 38 71 70 90 54 56 48 12 77 17 13 8 99 32 69 41 96 9 52 67 55 59 36 81 60 44 83 45 58 30 18 3 75 62 72 19 78 39 25 53 16 51 2 49 64 11 85 40 91 14 76 26 4 28 94 37 7 73 65 66 27 15 22 84 98 42 6 24 95 29 86 47 23 57 63 43 20 1 31 5 34 92 88 68 89
TEST 17 ARG:5 42 96 94 31 1 53 12 26 13 36 27 61 57 29 98 39 48 24 64 65 9 17 46 79 73 8 14 56 19 85 81 18 72 25 28 74 4 95 87 43 51 91 30 99 59 83 88 6 20 54 34 63 44 33 93 50 77 40 21 41 10 3 67 16 22 0 82 2 75 47 69 38 32 90 66 86 62 68 78 70 97 92 60 58 76 45 52 84 80 37 7 49 11 23 15 35 55 71 89
TEST 18 ARG:94 18 50 66 39 70 67 40 6 65 21 74 16 52 77 56 7 55 34 98 8 13 59 41 36 31 28 54 88 92 57 24 4 49 61 2 30 86 97 91 95 46 9 99 58 89 90 35 84 45 62 82 27 37 69 53 76 19 83 96 1 93 71 47 29 51 17 3 25 63 85 44 43 75 48 26 60 42 73 15 79 5 80 33 0 12 10 32 22 72 23 38 78 20 87 14 11 81 64 68
TEST 19 ARG:30 41 75 27 34 74 86 70 47 36 0 72 78 94 62 92 63 7 65 1 71 10 97 46 66 90 69 60 77 2 79 13 37 96 50 61 23 20 73 76 16 21 6 28 25 44 33 54 87 91 93 40 32 89 49 35 81 14 95 4 43 3 12 39 38 80 45 52 82 84 53 85 11 22 88 58 55 48 15 67 59 5 26 64 83 31 99 18 42 56 17 98 29 57 8 51 19 24 9 68
TEST 20 ARG:3 33 6 31 38 91 90 13 20 26 82 10 36 56 45 42 57 52 15 39 87 30 96 32 69 77 62 81 34 16 61 78 60 22 17 5 72 27 79 70 48 4 53 46 51 2 93 98 43 29 85 64 49 65 66 71 47 18 95 88 12 11 21 50 55 99 74 0 73 41 7 44 83 80 19 35 8 86 14 92 63 84 97 23 37 40 67 25 24 59 9 89 1 58 76 28 75 54 94 68
TEST 21 ARG:32 93 82 85 7 24 41 27 31 70 49 38 40 43 73 56 2 35 37 28 51 8 65 84 29 88 99 74 72 80 76 62 26 89 61 46 53 16 44 86 96 67 58 13 59 34 68 54 48 15 25 69 77 79 9 90 60 63 18 57 1 97 95 39 81 66 3 11 91 52 21 42 0 75 98 83 92 17 45 14 78 36 87 4 71 30 5 10 20 23 22 6 47 19 64 55 94 50 12 33
TEST 22 ARG:70 4 74 42 82 46 55 9 27 19 58 10 26 13 77 80 22 87 0 34 50 43 83 69 73 67 7 61 41 28 98 2 38 29 86 8 79 31 32 81 20 68 51 85 66 72 91 89 17 25 49 92 15 84 90 39 24 37 78 94 65 52 71 30 21 35 11 48 64 93 36 96 75 5 12 57 14 59 97 62 88 3 18 16 60 54 95 1 47 33 40 76 44 6 23 63 56 45 53 99
TEST 23 ARG:72 63 9 62 66 48 32 23 25 14 41 61 83 43 15 42 6 11 78 33 37 86 49 24 28 47 59 0 95 65 81 89 4 51 53 88 26 75 64 77 8 67 90 31 22 55 87 68 3 52 38 18 12 93 21 17 94 54 57 69 35 70 46 76 98 19 71 50 58 82 85 39 80 44 5 36 99 91 20 27 56 30 92 34 7 73 84 2 13 40 1 79 96 45 60 29 16 97 74 10
TEST 24 ARG:67 82 54 46 20 61 86 88 55 10 15 96 3 52 90 77 76 36 94 4 58 14 47 34 95 0 72 23 16 45 31 83 25 56 32 91 97 65 92 28 78 12 60 40 57 30 70 89 41 38 98 19 8 99 50 81 22 33 13 44 27 5 26 87 84 9 49 73 21 39 80 93 75 69 53 11 68 2 74 85 29 6 43 42 7 37 1 35 24 17 66 48 71 59 64 18 62 63 51 79
TEST 25 ARG:23 41 53 30 9 15 81 91 59 1 4 35 77 50 3 79 85 63 37 45 58 21 42 97 11 38 80 86 5 99 12 64 31 95 96 0 73 18 61 43 62 65 87 13 56 2 47 89 76 55 49 92 66 32 70 84 54 29 52 16 19 25 67 36 68 82 26 75 46 51 24 74 60 20 69 94 8 14 48 57 27 98 22 28 39 71 83 72 6 93 88 44 40 34 17 10 33 90 7 78
TEST 26 ARG:7 93 73 97 1 36 60 58 25 83 69 22 84 47 15 62 52 20 17 35 77 50 56 91 61 66 80 2 72 57 38 65 26 71 98 82 55 64 37 33 86 53 41 6 31 23 90 46 12 10 9 0 42 3 30 34 85 14 76 67 96 75 40 43 13 4 11 94 87 24 99 88 5 27 89 59 44 79 21 92 74 45 16 81 39 32 19 49 18 8 29 70 78 28 54 51 48 68 95 63
TEST 27 ARG:41 77 16 27 84 11 15 69 86 23 19 85 90 14 62 76 31 72 45 70 32 22 64 89 38 55 21 8 73 6 0 68 9 13 97 98 92 33 2 18 94 99 58 34 81 63 47 80 20 53 96 42 12 25 48 91 78 88 24 71 49 50 46 79 54 67 29 83 1 35 40 56 60 66 75 30 61 17 7 43 39 36 4 10 28 87 37 59 51 5 52 65 26 95 57 82 74 93 3 44
TEST 28 ARG:69 47 31 97 44 22 99 4 55 5 1 73 56 83 81 34 42 48 0 96 87 14 74 80 70 11 59 7 93 68 54 79 20 37 71 41 46 29 62 65 53 19 38 85 9 21 88 66 52 25 39 76 49 50 24 63 30 16 23 45 15 26 13 27 17 84 32 28 89 6 8 91 90 12 57 86 51 78 36 33 40 61 75 64 58 43 94 35 3 98 67 18 2 60 82 95 10 77 72 92
TEST 29 ARG:25 11 46 61 40 98 95 23 0 63 72 54 4 44 64 92 26 13 41 17 90 1 88 97 50 69 94 91 45 18 62 81 22 8 5 39 32 76 99 34 93 15 42 43 85 77 80 37 65 96 12 73 2 31 79 52 82 53 48 56 6 49 70 19 86 33 10 66 87 75 3 51 29 16 78 74 58 9 71 14 30 57 27 68 24 83 20 35 38 67 89 28 47 84 7 36 21 59 55 60
TEST 30 ARG:61 5 44 45 18 82 9 22 27 76 19 28 58 91 63 25 52 89 23 62 53 79 37 15 54 36 33 43 12 16 64 68 48 57 81 39 67 24 11 86 21 31 50 69 41 38 51 92 90 96 32 97 87 35 26 2 60 80 8 4 55 65 10 83 95 70 88 59 94 20 49 78 3 30 17 40 34 71 85 13 14 1 0 7 29 42 98 66 93 75 74 6 73 77 56 72 99 47 46 84
TEST 31 ARG:32 14 11 46 78 39 81 62 87 5 65 73 63 30 15 91 41 18 47 74 35 33 68 31 88 98 25 77 56 70 85 82 36 40 37 49 92 75 64 3 7 10 51 69 28 22 48 53 59 1 89 95 19 26 54 90 93 6 96 60 27 43 58 21 16 50 84 86 34 0 9 2 8 44 23 29 4 38 52 76 20 83 79 12 61 99 57 80 24 97 42 71 55 94 67 66 17 45 72 13
TEST 32 ARG:30 54 80 84 25 62 90 50 29 81 6 15 53 12 49 66 76 48 46 23 16 44 21 75 4 70 31 19 69 32 8 57 3 83 10 45 78 26 82 60 91 94 7 52 41 95 0 96 47 13 39 27 97 33 35 9 79 59 85 55 11 74 88 17 99 40 5 34 20 87 65 86 56 58 68 64 98 14 24 51 67 77 38 72 2 36 1 37 71 89 28 42 93 22 43 63 18 73 92 61
